400
0 1
1 2
2 3
3 4
4 5
5 6
6 7
7 8
8 9
9 10
10 11
11 12
12 13
13 14
14 15
15 16
16 17
17 18
18 19
19 20
20 21
21 22
22 23
23 24
24 25
25 26
26 27
27 28
28 29
29 30
30 31
31 32
32 33
33 34
34 35
35 36
36 37
37 38
38 39
39 40
40 41
41 42
42 43
43 44
44 45
45 46
46 47
47 48
48 49
49 50
50 51
51 52
52 53
53 54
54 55
55 56
56 57
57 58
58 59
59 60
60 61
61 62
62 63
63 64
64 65
65 66
66 67
67 68
68 69
69 70
70 71
71 72
72 73
73 74
74 75
75 76
76 77
77 78
78 79
79 80
80 81
81 82
82 83
83 84
84 85
85 86
86 87
87 88
88 89
89 90
90 91
91 92
92 93
93 94
94 95
95 96
96 97
97 98
98 99
100 50
101 50
102 50
103 50
104 50
105 50
106 50
107 50
108 50
109 50
110 50
111 50
112 50
113 50
114 50
115 50
116 50
117 50
118 50
119 50
120 50
121 50
122 50
123 50
124 50
125 50
126 50
127 50
128 50
129 50
130 50
131 50
132 50
133 50
134 50
135 50
136 50
137 50
138 50
139 50
140 50
141 50
142 50
143 50
144 50
145 50
146 50
147 50
148 50
149 50
150 50
151 50
152 50
153 50
154 50
155 50
156 50
157 50
158 50
159 50
160 50
161 50
162 50
163 50
164 50
165 50
166 50
167 50
168 50
169 50
170 50
171 50
172 50
173 50
174 50
175 50
176 50
177 50
178 50
179 50
180 50
181 50
182 50
183 50
184 50
185 50
186 50
187 50
188 50
189 50
190 50
191 50
192 50
193 50
194 50
195 50
196 50
197 50
198 50
199 50
100 200
201 200
202 200
203 201
204 201
205 202
206 202
207 203
208 203
209 204
210 204
211 205
212 205
213 206
214 206
215 207
216 207
217 208
218 208
219 209
220 209
221 210
222 210
223 211
224 211
225 212
226 212
227 213
228 213
229 214
230 214
231 215
232 215
233 216
234 216
235 217
236 217
237 218
238 218
239 219
240 219
241 220
242 220
243 221
244 221
245 222
246 222
247 223
248 223
249 224
250 224
251 225
252 225
253 226
254 226
255 227
256 227
257 228
258 228
259 229
260 229
261 230
262 230
263 231
264 231
265 232
266 232
267 233
268 233
269 234
270 234
271 235
272 235
273 236
274 236
275 237
276 237
277 238
278 238
279 239
280 239
281 240
282 240
283 241
284 241
285 242
286 242
287 243
288 243
289 244
290 244
291 245
292 245
293 246
294 246
295 247
296 247
297 248
298 248
299 249
300 253
301 228
302 127
303 78
304 155
305 123
306 239
307 93
308 146
309 180
310 281
311 156
312 87
313 236
314 194
315 78
316 287
317 311
318 257
319 287
320 99
321 234
322 289
323 220
324 152
325 32
326 141
327 199
328 299
329 318
330 157
331 286
332 86
333 268
334 183
335 4
336 241
337 134
338 278
339 226
340 0
341 168
342 296
343 83
344 111
345 300
346 66
347 196
348 83
349 337
350 281
351 157
352 28
353 112
354 179
355 331
356 38
357 196
358 252
359 196
360 293
361 195
362 348
363 218
364 213
365 162
366 218
367 141
368 211
369 107
370 70
371 69
372 227
373 244
374 178
375 33
376 284
377 330
378 349
379 319
380 341
381 351
382 206
383 149
384 270
385 106
386 313
387 328
388 347
389 229
390 370
391 226
392 176
393 259
394 392
395 362
396 314
397 32
398 243
399 194
0 ?
1 B
2 ?
3 A
4 ?
5 A
6 A
7 ?
8 A
9 ?
10 A
11 A
12 ?
13 A
14 B
15 ?
16 B
17 ?
18 A
19 B
20 B
21 B
22 B
23 B
24 ?
25 A
26 A
27 ?
28 A
29 A
30 A
31 ?
32 ?
33 A
34 B
35 A
36 A
37 A
38 B
39 B
40 A
41 B
42 A
43 A
44 ?
45 A
46 B
47 ?
48 ?
49 ?
50 ?
51 A
52 ?
53 ?
54 A
55 ?
56 ?
57 B
58 A
59 B
60 B
61 A
62 B
63 B
64 B
65 B
66 A
67 B
68 ?
69 A
70 B
71 A
72 ?
73 B
74 A
75 A
76 A
77 ?
78 B
79 A
80 B
81 ?
82 B
83 B
84 ?
85 B
86 B
87 B
88 A
89 A
90 B
91 A
92 B
93 B
94 ?
95 B
96 B
97 B
98 ?
99 B
100 ?
101 B
102 A
103 B
104 A
105 A
106 B
107 B
108 B
109 ?
110 ?
111 B
112 A
113 B
114 ?
115 ?
116 ?
117 A
118 ?
119 B
120 A
121 ?
122 ?
123 B
124 ?
125 A
126 A
127 ?
128 A
129 ?
130 B
131 A
132 A
133 B
134 ?
135 A
136 ?
137 A
138 ?
139 B
140 A
141 A
142 B
143 ?
144 ?
145 A
146 B
147 B
148 B
149 ?
150 ?
151 A
152 A
153 A
154 ?
155 B
156 ?
157 ?
158 ?
159 A
160 ?
161 ?
162 B
163 ?
164 ?
165 B
166 B
167 B
168 A
169 B
170 A
171 A
172 B
173 ?
174 ?
175 B
176 B
177 A
178 A
179 ?
180 A
181 B
182 B
183 A
184 B
185 A
186 A
187 A
188 B
189 A
190 B
191 A
192 B
193 A
194 ?
195 B
196 ?
197 ?
198 B
199 B
200 ?
201 ?
202 B
203 A
204 ?
205 ?
206 ?
207 B
208 B
209 ?
210 B
211 A
212 A
213 ?
214 A
215 A
216 B
217 B
218 B
219 B
220 B
221 ?
222 B
223 B
224 ?
225 A
226 ?
227 B
228 B
229 A
230 ?
231 ?
232 ?
233 B
234 ?
235 A
236 B
237 A
238 A
239 ?
240 A
241 A
242 A
243 B
244 B
245 A
246 ?
247 ?
248 A
249 B
250 ?
251 ?
252 ?
253 B
254 ?
255 A
256 B
257 B
258 ?
259 A
260 B
261 A
262 B
263 ?
264 ?
265 ?
266 A
267 A
268 A
269 ?
270 ?
271 B
272 ?
273 ?
274 A
275 A
276 ?
277 A
278 A
279 A
280 A
281 ?
282 A
283 A
284 A
285 B
286 ?
287 B
288 ?
289 B
290 B
291 ?
292 ?
293 ?
294 ?
295 ?
296 ?
297 A
298 B
299 B
300 ?
301 ?
302 B
303 ?
304 B
305 B
306 ?
307 ?
308 B
309 A
310 A
311 B
312 A
313 A
314 ?
315 ?
316 A
317 B
318 ?
319 A
320 B
321 A
322 A
323 ?
324 A
325 A
326 B
327 B
328 ?
329 ?
330 ?
331 A
332 ?
333 B
334 B
335 B
336 A
337 B
338 A
339 A
340 B
341 B
342 A
343 B
344 B
345 B
346 ?
347 B
348 ?
349 B
350 ?
351 B
352 B
353 B
354 A
355 ?
356 B
357 ?
358 A
359 ?
360 ?
361 ?
362 ?
363 ?
364 ?
365 B
366 ?
367 A
368 ?
369 B
370 ?
371 B
372 ?
373 A
374 A
375 ?
376 B
377 ?
378 ?
379 B
380 B
381 A
382 A
383 ?
384 ?
385 ?
386 ?
387 B
388 A
389 A
390 B
391 B
392 ?
393 ?
394 B
395 A
396 ?
397 ?
398 A
399 B
